  12.00000    0.00000    0.00000
  11.96052    0.00444    0.00000
  11.84412    0.01944    0.00000
  11.65596    0.04740    0.00000
  11.40216    0.08916    0.00000
  11.08956    0.14340    0.00000
  10.72464    0.20736    0.00000
  10.31316    0.27756    0.00000
   9.86028    0.35028    0.00000
   9.37008    0.42228    0.00000
   8.84640    0.49164    0.00000
   8.29404    0.55764    0.00000
   7.71912    0.61956    0.00000
   7.12824    0.67620    0.00000
   6.52788    0.72624    0.00000
   5.92452    0.76848    0.00000
   5.32440    0.80160    0.00000
   4.73376    0.82452    0.00000
   4.15872    0.83628    0.00000
   3.60480    0.83592    0.00000
   3.07728    0.82296    0.00000
   2.58108    0.79692    0.00000
   2.12040    0.75744    0.00000
   1.69884    0.70500    0.00000
   1.31952    0.64008    0.00000
   0.98520    0.56388    0.00000
   0.69768    0.47796    0.00000
   0.45852    0.38436    0.00000
   0.26844    0.28596    0.00000
   0.12816    0.18696    0.00000
   0.03864    0.09156    0.00000
   0.00036    0.00732    0.00000
   0.02592   -0.05904    0.00000
   0.12192   -0.11376    0.00000
   0.28164   -0.16248    0.00000
   0.50376   -0.20328    0.00000
   0.78588   -0.23544    0.00000
   1.12596   -0.25872    0.00000
   1.52112   -0.27348    0.00000
   1.96764   -0.28044    0.00000
   2.46096   -0.28056    0.00000
   2.99544   -0.27468    0.00000
   3.56520   -0.26328    0.00000
   4.16400   -0.24708    0.00000
   4.78524   -0.22692    0.00000
   5.42196   -0.20352    0.00000
   6.06708   -0.17760    0.00000
   6.71340   -0.15000    0.00000
   7.35372   -0.12180    0.00000
   7.98060   -0.09396    0.00000
   8.58684   -0.06768    0.00000
   9.16512   -0.04392    0.00000
   9.70800   -0.02412    0.00000
  10.20816   -0.00864    0.00000
  10.65840    0.00204    0.00000
  11.05248    0.00828    0.00000
  11.38452    0.01044    0.00000
  11.64948    0.00912    0.00000
  11.84268    0.00564    0.00000
  11.96052    0.00180    0.00000
  11.99800    0.00090    0.00000